512 128 4096
128 1024 16384
64 1024 4096
128 512 8192
512 512 2048
256 512 8192
128 1024 8192
64 128 8192
64 128 8192
64 512 16384
256 256 4096
128 512 4096
128 256 2048
512 512 16384
64 1024 4096
256 512 8192
64 1024 8192
512 256 4096
128 256 16384
512 1024 2048
512 256 16384
512 256 2048
64 1024 16384
128 256 8192
512 256 4096
64 256 16384
256 1024 8192
128 256 2048
256 1024 8192
256 256 8192
64 1024 4096
256 1024 4096
512 128 2048
128 256 4096
512 128 16384
64 128 4096
256 256 16384
64 512 2048
128 512 16384
128 256 8192
256 128 2048
64 1024 8192
64 128 4096
512 512 2048
64 1024 8192
128 128 16384
128 256 4096
128 1024 16384
512 1024 2048
64 1024 2048
64 1024 2048
128 1024 16384
128 512 2048
64 128 16384
128 256 8192
512 512 8192
256 256 16384
128 512 2048
512 256 16384
64 256 4096
512 128 16384
512 256 8192
256 1024 8192
128 512 16384
128 512 16384
128 512 4096
64 1024 2048
512 1024 16384
64 256 2048
128 128 16384
512 128 2048
512 1024 8192
64 256 16384
64 256 16384
256 1024 8192
128 512 8192
512 512 4096
64 512 16384
64 512 2048
64 1024 2048
64 512 8192
512 256 16384
64 128 4096
256 1024 16384
128 256 4096
128 512 2048
64 512 4096
256 256 4096
512 1024 4096
64 1024 4096
128 128 8192
256 512 16384
256 128 16384
512 128 2048
64 512 2048
128 1024 8192
64 128 8192
64 128 4096
128 256 16384
64 512 16384
256 1024 2048
256 1024 4096
64 256 16384
256 256 8192
64 512 4096
256 1024 16384
512 128 8192
256 256 4096
256 128 2048
64 1024 8192
64 512 8192
128 128 4096
256 256 2048
128 256 2048
256 256 2048
256 512 2048
128 128 2048
64 128 4096
512 256 16384
512 128 4096
64 512 8192
512 128 16384
512 256 2048
512 1024 2048
512 512 8192
256 512 2048
128 128 4096
512 256 16384
128 1024 16384
512 512 16384
256 512 2048
512 128 16384
128 1024 2048
256 128 2048
64 128 2048
64 256 2048
512 1024 4096
64 512 8192
64 1024 16384
512 1024 4096
64 1024 2048
128 1024 8192
512 1024 4096
512 512 8192
64 1024 8192
512 256 16384
64 256 4096
512 256 8192
64 128 4096
512 128 16384
256 1024 2048
512 128 4096
512 256 8192
256 1024 2048
512 256 4096
128 128 4096
256 1024 8192
512 512 2048
64 512 16384
64 256 16384
64 1024 4096
64 1024 16384
128 128 4096
64 1024 2048
128 512 2048
64 1024 8192
128 512 8192
512 1024 8192
128 256 8192
512 1024 2048
512 256 2048
512 1024 8192
256 256 16384
256 256 8192
128 512 2048
128 256 8192
128 512 4096
512 256 4096
128 1024 4096
128 128 4096
64 1024 16384
256 1024 16384
256 256 8192
256 1024 16384
128 1024 8192
512 512 4096
512 512 16384
64 128 4096
256 512 8192
256 1024 2048
512 1024 8192
512 512 16384
64 512 4096
128 256 4096
128 128 8192
512 256 8192
64 128 8192
128 128 16384
512 256 16384
256 512 8192
256 256 2048
128 1024 2048
64 1024 16384
256 512 4096
128 512 16384
64 512 8192
64 256 8192
128 128 16384
128 256 2048
512 1024 4096
128 256 2048
64 1024 8192
64 1024 4096
128 1024 8192
128 128 4096
64 128 16384
128 512 16384
512 1024 4096
256 1024 2048
64 256 4096
512 128 4096
64 256 4096
128 512 8192
512 128 8192
64 256 16384
512 256 4096
512 256 16384
512 1024 2048
512 512 2048
64 1024 4096
128 256 4096
64 512 8192
64 1024 2048
64 256 4096
128 512 2048
256 1024 8192
512 128 2048
512 256 4096
64 1024 16384
512 512 8192
128 1024 4096
64 256 2048
128 128 4096
64 1024 2048
512 256 8192
512 128 8192
128 1024 16384
64 512 8192
256 512 16384
512 256 16384
256 1024 8192
512 512 2048
128 512 8192
256 128 2048
64 512 4096
256 512 4096
128 512 16384
128 256 8192
256 1024 8192
64 1024 16384
512 1024 4096
512 128 4096
128 256 4096
128 256 8192
512 128 2048
256 128 16384
64 512 4096
128 1024 8192
128 128 2048
128 128 8192
64 128 4096
256 1024 16384
128 256 16384
512 128 4096
256 512 4096
64 128 16384
256 1024 8192
64 1024 16384
64 1024 16384
128 128 8192
128 256 4096
128 128 4096
256 256 8192
128 256 8192
64 128 2048
256 256 2048
128 1024 4096
256 256 4096
256 128 16384
64 512 8192
512 1024 16384
128 256 16384
128 128 8192
512 128 2048
128 512 2048
256 512 2048
64 512 16384
256 256 2048
512 1024 4096
128 1024 4096
64 512 8192
512 128 4096
256 256 2048
128 1024 2048
512 1024 2048
256 1024 8192
128 256 2048
128 128 8192
128 512 2048
512 1024 8192
256 128 2048
512 256 8192
128 512 16384
512 512 16384
256 512 2048
128 1024 16384
256 128 2048
64 128 4096
64 128 2048
512 512 16384
256 128 16384
512 128 16384
512 1024 2048
512 128 16384
512 256 2048
512 128 8192
64 1024 4096
64 512 8192
128 512 8192
64 256 4096
256 128 4096
256 256 16384
256 128 16384
256 128 8192
64 256 8192
256 256 8192
512 512 8192
256 256 4096
256 1024 4096
128 512 16384
128 512 8192
512 512 8192
256 512 16384
256 1024 8192
128 256 16384
256 512 8192
128 1024 16384
64 256 8192
512 1024 2048
256 128 4096
128 512 16384
128 256 16384
128 1024 16384
64 512 4096
128 1024 2048
64 256 16384
64 1024 8192
512 512 16384
64 1024 4096
512 256 16384
256 128 16384
256 128 4096
64 128 2048
128 1024 4096
64 256 2048
256 256 2048
256 1024 4096
512 1024 4096
512 256 16384
256 128 8192
64 1024 8192
256 512 4096
256 512 4096
64 256 16384
256 512 4096
128 128 4096
64 256 2048
128 128 4096
64 256 2048
256 128 2048
128 128 4096
64 1024 16384
64 256 4096
64 128 16384
256 256 16384
256 512 4096
512 1024 8192
128 256 4096
128 128 8192
128 512 16384
128 512 4096
256 512 2048
512 1024 2048
64 1024 8192
64 1024 4096
256 1024 16384
512 256 16384
256 512 16384
128 1024 16384
512 1024 8192
512 256 16384
64 512 4096
512 512 4096
128 1024 2048
64 256 2048
64 512 4096
256 256 16384
256 128 16384
512 256 8192
256 256 16384
128 256 8192
64 1024 2048
64 256 2048
256 128 8192
128 1024 16384
512 128 16384
128 128 8192
64 128 2048
64 1024 4096
256 256 4096
64 512 16384
128 1024 16384
256 512 8192
512 512 16384
64 256 4096
256 512 4096
256 512 16384
512 512 8192
512 256 8192
256 128 16384
256 128 2048
256 512 8192
128 1024 16384
64 512 2048
256 512 16384
128 1024 8192
512 128 4096
512 512 2048
64 256 8192
64 256 8192
256 512 2048
256 256 16384
512 128 16384
128 1024 2048
512 256 2048
256 256 8192
256 1024 16384
128 1024 4096
256 512 8192
128 512 2048
512 256 2048
512 256 2048
64 1024 16384
64 1024 2048
128 128 4096
512 256 8192
512 1024 4096
64 256 8192
64 1024 8192
512 128 4096
128 512 4096
64 1024 16384
512 256 8192
64 128 8192
256 512 2048
128 256 16384
512 256 4096
512 128 2048
64 256 2048
256 1024 16384
128 128 16384
64 512 4096
256 256 4096
128 128 4096
256 128 2048
128 512 2048
128 128 8192
512 512 2048
256 1024 2048
64 512 16384
256 1024 4096
64 1024 2048
64 512 2048
64 512 16384
512 256 16384
128 256 8192
256 512 8192
256 256 16384
256 128 16384
512 512 2048
64 1024 4096
512 512 4096
256 1024 16384
256 512 4096
512 1024 4096
512 1024 4096
512 1024 16384
64 128 8192
256 512 8192
256 256 16384
