2 64 560
4 2 550
16 32 80
8 32 320
32 16 520
32 16 120
16 8 540
32 2 970
32 32 730
16 2 730
4 64 780
4 4 190
4 8 800
8 4 510
16 16 830
16 16 850
2 4 880
4 64 970
2 8 960
32 2 690
16 8 430
32 2 520
16 64 460
2 32 450
16 8 720
16 2 360
2 2 340
32 8 520
32 16 480
2 2 240
8 16 700
8 4 130
8 64 870
8 16 510
4 64 570
4 8 260
32 8 60
8 32 930
4 32 630
16 4 490
32 2 210
2 8 630
4 8 210
8 8 540
16 4 470
16 64 500
8 32 50
32 2 910
16 2 830
32 16 900
16 4 380
32 2 600
32 2 810
4 32 430
2 64 630
8 32 590
16 32 520
2 16 680
2 64 310
4 64 930
4 8 290
8 4 170
2 8 510
16 8 70
16 32 740
16 2 830
16 32 330
2 8 290
2 64 230
8 16 420
32 32 310
16 8 670
16 8 940
2 4 330
16 32 590
4 8 420
32 2 40
2 32 410
16 32 410
4 4 670
4 8 910
16 16 1000
32 2 880
16 64 310
16 64 160
2 16 670
32 4 240
16 2 330
8 2 150
32 16 720
2 8 620
8 8 610
2 8 240
4 64 200
4 16 150
32 64 460
32 4 480
32 16 80
16 2 500
16 32 510
2 64 570
32 32 740
16 8 740
4 64 530
4 4 670
8 8 410
32 8 170
4 32 480
8 4 380
8 2 890
8 2 380
2 16 650
32 32 40
8 32 320
8 8 550
32 16 650
32 4 880
2 4 100
16 4 950
4 2 690
4 8 930
4 2 390
4 16 70
4 2 680
32 8 890
4 32 110
2 8 670
8 64 490
2 2 350
8 16 750
16 8 160
2 2 740
32 32 60
8 2 940
2 8 490
32 2 990
32 2 100
32 16 900
2 4 430
4 2 930
16 4 390
2 64 300
8 16 560
4 16 110
4 2 880
4 4 200
8 16 920
2 64 550
16 4 450
8 8 390
16 8 180
8 2 210
8 2 880
2 32 700
32 64 90
2 4 470
16 4 90
4 32 400
2 16 80
32 64 170
2 8 170
32 8 940
2 8 930
4 32 850
2 4 370
8 16 590
8 16 110
8 4 980
16 32 270
32 32 950
32 32 770
4 2 170
16 16 970
16 8 910
16 16 690
16 64 450
8 8 370
16 8 490
2 2 940
16 64 570
4 8 60
16 64 780
8 2 180
8 16 990
16 16 160
4 8 410
8 2 550
4 8 960
2 8 620
8 4 280
8 8 230
16 16 900
16 32 510
4 32 650
32 64 640
8 64 770
8 64 370
32 32 900
32 32 780
32 4 130
16 32 940
16 8 820
2 16 740
16 2 760
32 4 360
16 8 740
4 4 180
8 16 370
16 8 60
8 8 440
8 4 810
16 4 120
8 8 760
2 4 520
16 16 520
2 32 930
8 64 890
32 4 460
32 64 810
16 32 50
8 16 460
4 4 250
8 64 100
8 64 600
8 8 550
16 32 880
16 32 950
2 4 920
2 64 530
2 32 310
32 2 710
2 32 1000
16 8 570
32 8 170
16 32 810
8 8 440
16 64 890
4 32 50
32 2 450
4 32 280
2 2 820
8 16 470
2 64 680
4 16 70
16 8 170
8 4 170
16 4 50
2 8 190
2 2 280
2 4 200
16 64 320
4 64 410
16 8 660
4 8 200
32 16 590
4 16 410
16 8 420
4 16 150
4 16 500
16 64 990
16 16 920
32 4 690
2 64 60
4 16 800
4 64 910
8 4 120
16 2 970
32 8 910
32 4 140
2 8 900
16 4 380
32 16 800
8 8 400
32 64 630
32 16 350
4 8 730
32 4 1000
4 16 800
4 16 490
2 2 680
4 4 130
4 16 130
32 8 640
8 2 1000
2 2 650
2 16 80
32 32 370
2 2 200
4 4 490
4 4 90
32 32 90
8 64 310
16 64 770
32 8 180
16 64 490
16 32 450
32 4 610
8 64 940
8 4 850
32 64 800
32 64 860
32 16 690
32 2 780
32 8 200
4 4 850
8 2 490
2 2 500
16 16 560
8 16 630
32 2 860
4 16 420
4 64 40
8 32 40
16 2 360
2 8 200
8 8 910
8 8 580
8 32 700
16 16 310
2 2 210
16 16 130
16 64 760
32 4 470
8 8 880
16 64 320
8 4 470
8 64 400
8 2 80
4 16 90
16 4 770
8 64 740
2 8 230
32 8 590
32 64 150
32 32 480
8 8 200
16 32 280
32 2 180
16 16 910
32 32 50
4 16 870
32 16 970
32 32 640
16 2 930
16 2 180
32 8 860
2 2 290
4 4 220
4 64 440
8 8 950
8 8 920
4 32 670
4 16 790
16 32 120
16 8 320
32 64 940
16 4 330
8 32 580
32 32 790
2 16 580
8 8 650
32 8 840
4 32 920
2 2 750
2 32 650
2 32 480
2 32 310
2 4 1000
2 32 540
4 2 690
32 2 910
4 32 790
8 64 340
4 32 930
4 2 870
16 4 460
4 4 920
32 8 260
4 8 140
32 8 570
32 8 370
16 32 280
32 64 340
2 64 160
4 32 700
8 2 970
32 4 670
32 8 200
4 32 590
32 16 110
4 64 900
32 16 920
2 16 880
2 8 250
8 64 920
8 64 240
16 2 210
32 64 890
16 16 190
32 64 990
8 2 800
16 64 920
2 32 680
4 4 230
2 16 360
2 8 530
16 2 980
4 8 770
32 4 250
8 64 930
32 2 950
16 64 710
16 2 140
4 8 90
32 8 490
2 64 100
32 4 440
8 16 120
4 4 860
32 16 940
2 2 570
32 32 730
2 4 70
2 64 370
16 8 220
16 2 760
16 4 490
8 64 500
8 2 130
32 4 300
2 8 250
16 16 470
8 64 150
32 8 380
4 2 520
8 32 180
32 8 810
2 16 810
8 4 400
2 32 240
8 16 610
32 4 670
4 2 370
16 4 790
8 8 620
2 8 920
32 16 200
8 16 930
32 32 790
32 32 40
8 64 580
16 32 800
4 64 560
32 16 900
4 32 340
32 16 190
32 64 290
2 16 70
32 32 750
8 32 650
4 4 320
4 64 170
16 8 110
2 2 490
16 32 810
2 16 360
16 4 230
4 32 210
32 4 220
2 2 130
16 32 730
2 16 560
4 16 230
2 8 760
32 64 630
4 64 500
32 64 950
2 64 280
32 8 890
4 32 690
2 4 120
32 64 920
2 16 230
16 16 920
8 16 480
8 64 220
2 2 900
8 32 680
2 4 380
8 8 550
4 16 740
8 16 610
4 8 680
8 16 510
2 4 330
32 8 210
8 16 590
8 2 630
8 32 260
2 8 50
4 2 360
8 32 60
2 8 170
32 16 120
32 32 650
32 16 750
8 8 390
2 64 260
2 2 940
4 4 250
2 32 60
16 32 380
2 32 310
4 64 660
32 4 680
32 8 570
16 4 630
32 8 920
4 64 190
2 4 620
8 16 240
8 32 600
2 64 860
4 8 460
4 16 920
2 32 800
2 32 410
2 2 770
4 32 510
8 64 760
16 32 130
8 8 220
4 2 310
8 64 740
8 64 250
32 32 380
16 2 760
32 4 850
4 16 680
16 4 90
32 8 100
8 64 790
8 16 660
2 16 790
8 16 700
2 64 900
32 2 850
32 16 460
2 4 740
2 32 640
16 2 150
2 16 740
8 4 630
4 64 490
8 32 680
16 16 150
32 4 520
4 8 520
32 4 790
4 64 770
32 16 340
16 64 810
32 16 900
2 64 70
8 4 340
8 2 330
16 64 440
16 8 60
8 8 950
32 64 260
2 32 180
32 16 990
32 8 220
8 4 350
32 64 720
32 8 340
2 2 310
16 32 390
2 16 530
4 64 200
2 2 890
2 32 790
2 8 90
16 64 990
2 64 850
8 2 980
32 64 240
32 32 410
16 64 740
32 4 40
32 8 730
2 4 50
2 32 790
32 8 200
2 8 750
2 64 510
8 16 640
2 32 540
8 4 660
32 16 350
2 16 510
2 2 740
8 16 780
8 16 40
4 4 560
2 2 920
4 4 260
8 32 570
2 8 950
4 16 280
8 8 460
8 32 480
4 8 310
2 32 360
16 2 160
32 2 380
4 4 1000
4 8 290
32 16 330
32 8 270
4 32 430
16 64 900
16 4 50
4 2 610
2 32 930
4 8 960
32 64 770
8 2 960
8 16 780
8 8 770
2 32 480
2 32 660
2 4 300
4 8 630
32 8 140
2 32 1000
4 16 930
16 32 920
8 64 940
4 64 160
16 16 610
4 32 100
8 16 740
2 4 290
4 2 250
4 2 360
8 8 240
16 4 190
32 16 530
16 4 330
4 32 190
32 4 470
32 8 80
16 4 540
32 16 300
2 8 550
2 16 390
8 4 780
8 32 480
4 4 780
2 8 80
16 8 140
4 2 130
8 64 640
32 32 320
32 64 390
16 8 120
16 8 150
16 16 530
32 16 80
8 8 690
32 16 840
8 16 490
8 2 810
2 2 680
4 16 780
32 4 540
16 4 970
4 2 770
2 4 670
2 4 400
4 8 540
16 2 140
4 8 350
16 4 810
4 2 250
2 16 280
16 4 770
4 16 660
16 2 650
8 8 860
2 2 840
2 64 930
4 8 60
2 32 840
2 16 360
2 2 970
2 2 550
32 32 470
4 8 960
32 2 300
8 2 640
4 8 750
16 16 180
2 8 420
8 16 410
16 16 880
32 8 220
16 2 870
2 64 340
4 64 210
4 32 440
2 16 300
4 8 930
16 32 70
8 16 190
8 2 200
32 16 670
8 16 320
8 2 270
2 2 500
32 4 630
4 16 950
32 32 550
16 4 290
16 4 220
4 16 540
2 32 890
16 64 770
8 32 210
2 2 180
8 8 900
4 16 680
4 8 740
4 8 980
2 32 80
16 64 980
16 32 190
4 4 170
16 32 70
8 64 850
4 2 970
2 4 470
8 4 310
4 8 620
8 16 40
4 2 290
2 32 40
32 32 220
4 4 910
4 8 190
2 8 820
32 4 160
4 2 630
4 4 980
2 4 840
8 64 810
2 2 310
4 2 940
8 2 950
8 8 230
2 64 420
4 64 680
16 4 760
8 16 700
2 32 650
2 4 720
16 64 90
8 64 80
16 32 750
16 8 360
16 4 810
2 32 100
32 64 550
8 64 280
16 32 540
4 2 60
2 16 680
2 4 230
2 32 530
4 4 640
2 8 300
32 2 370
16 4 610
4 4 980
32 8 960
2 16 100
32 16 550
2 8 340
2 16 240
2 2 290
8 64 90
4 64 520
16 32 880
2 2 850
8 8 150
32 4 290
8 4 410
2 16 40
4 16 820
16 32 800
8 64 60
16 2 450
2 64 160
8 32 50
16 4 840
8 4 510
16 8 450
4 64 540
8 2 980
8 64 530
2 8 520
8 8 520
16 4 410
16 64 750
16 32 380
8 4 570
16 4 270
8 8 290
2 2 160
16 2 810
2 32 330
16 2 180
8 4 230
8 32 170
8 64 350
16 64 940
8 16 230
16 16 190
4 32 580
2 2 230
8 2 470
16 4 360
8 2 980
16 8 1000
4 2 60
32 64 730
2 2 560
8 4 880
4 64 130
2 32 130
32 2 140
2 4 70
16 2 510
2 2 370
2 32 920
8 8 370
2 2 980
16 64 230
8 4 60
4 8 270
8 2 540
32 16 850
8 16 320
2 2 390
4 8 310
2 16 130
32 16 290
32 2 460
32 32 490
8 4 50
8 16 720
4 64 580
2 2 350
16 64 300
2 32 420
4 2 70
16 64 280
2 4 140
8 32 360
8 4 740
4 2 460
16 16 720
4 2 830
16 16 330
2 2 610
8 64 70
2 8 110
16 16 860
16 8 700
8 8 190
16 4 360
16 8 410
16 32 560
16 16 160
16 64 880
8 32 590
32 32 770
4 8 60
8 2 650
8 4 1000
32 8 400
8 32 620
32 64 210
2 4 670
8 32 180
16 2 710
32 8 390
8 16 780
2 4 930
16 32 270
8 16 500
32 4 780
2 8 690
32 32 620
32 4 360
8 16 210
8 32 830
8 4 100
8 4 280
2 64 910
32 64 810
8 4 290
16 4 60
8 32 230
4 16 970
4 4 1000
4 64 450
32 2 870
2 2 390
8 4 970
4 16 480
32 4 120
16 16 330
16 2 70
8 16 690
16 4 590
4 8 400
4 2 970
4 64 750
16 2 660
32 8 870
2 2 850
32 4 270
8 4 480
4 64 350
4 64 970
16 8 780
4 2 250
16 64 560
2 8 290
2 8 440
16 64 970
4 16 60
2 8 160
16 32 440
32 64 40
8 4 820
4 32 430
16 32 360
8 8 230
16 2 500
32 64 440
2 8 190
32 4 210
32 2 230
32 64 900
32 32 400
16 2 80
32 4 310
4 2 840
32 16 700
32 16 990
32 2 960
8 2 980
32 2 550
8 4 720
16 8 60
4 4 410
8 32 370
2 16 140
32 32 990
2 16 520
2 16 490
32 2 590
2 16 930
2 4 820
16 16 550
32 4 800
8 16 210
8 4 400
4 8 760
2 2 350
16 4 770
2 32 820
16 2 650
16 4 790
4 8 640
4 2 620
8 4 320
4 16 820
4 8 50
2 32 330
32 32 70
16 4 280
4 16 180
16 32 560
4 16 200
16 32 800
32 32 1000
8 16 1000
16 4 400
2 8 110
16 16 700
2 4 480
2 16 970
4 16 250
2 2 80
32 16 700
16 16 40
4 8 190
8 32 810
2 16 130
4 8 580
16 2 230
8 8 190
16 16 450
2 4 820
4 2 550
4 32 810
2 64 600
8 4 890
32 2 100
16 16 350
8 16 420
16 32 820
2 4 780
2 64 790
32 4 340
32 2 300
32 64 290
32 32 860
4 8 910
16 64 460
8 16 250
32 2 670
4 2 860
4 2 730
32 4 710
16 32 680
8 64 690
32 2 970
8 32 320
32 4 640
8 64 870
4 64 70
8 32 770
4 64 400
32 32 950
2 4 560
32 32 680
16 32 750
32 16 920
4 4 370
16 32 570
32 64 290
16 16 110
32 2 690
4 4 460
16 8 960
8 32 40
32 4 160
32 8 460
2 64 880
16 16 820
32 32 170
32 64 580
4 32 420
2 32 880
32 8 840
2 4 490
16 32 780
4 8 470
4 64 680
2 2 310
4 16 800
32 32 410
4 16 420
32 64 260
4 64 320
8 64 790
2 16 860
4 64 670
4 8 890
16 64 40
2 8 850
16 64 120
32 8 550
16 8 330
8 2 1000
2 16 770
16 64 830
16 2 650
16 2 970
32 8 750
16 64 470
2 2 670
4 2 610
2 8 320
4 32 820
8 2 450
32 16 590
16 4 430
32 32 260
2 32 180
4 16 590
8 4 910
16 2 660
8 2 910
2 32 870
16 32 700
32 2 510
32 2 870
4 16 260
32 16 630
2 32 680
8 32 330
16 32 790
2 2 730
4 8 710
8 32 710
8 8 180
2 4 540
2 32 360
32 8 130
4 64 750
8 64 190
16 4 340
2 64 110
8 32 300
2 2 410
8 4 960
16 2 810
8 2 770
32 2 660
16 16 800
8 16 570
32 2 140
16 32 900
8 8 200
2 16 740
16 16 390
4 8 680
4 16 160
4 16 780
8 32 190
32 4 710
8 4 950
8 4 600
2 2 470
16 4 130
2 2 260
8 2 70
8 4 990
16 32 270
2 2 170
4 8 970
16 32 530
16 16 550
16 4 260
16 4 570
8 64 950
32 32 960
2 4 940
2 2 870
2 4 950
4 64 310
32 8 940
16 4 500
32 2 640
32 32 830
32 32 950
16 16 250
4 16 510
16 2 40
32 64 1000
2 32 950
32 8 190
4 2 450
32 64 530
32 4 140
4 4 220
2 4 220
8 32 70
32 32 470
4 16 680
16 64 180
8 64 110
32 32 450
4 64 500
8 64 950
4 2 860
16 2 160
8 8 790
8 16 470
32 4 640
4 16 220
8 4 360
16 8 220
4 32 60
4 8 880
2 4 70
4 32 360
2 2 880
32 4 550
16 64 110
32 64 640
8 32 630
2 4 620
16 8 800
8 32 490
8 8 640
32 8 820
2 32 190
32 64 480
8 2 600
2 2 190
32 4 490
16 2 960
4 8 670
32 4 500
16 32 280
8 2 480
2 64 940
16 8 930
32 16 110
8 8 620
32 4 810
16 32 630
4 64 930
4 4 210
32 2 510
2 32 590
2 4 70
16 4 300
4 2 440
2 8 780
8 2 970
16 4 570
4 16 720
8 4 750
4 2 500
4 32 250
16 16 410
4 2 300
2 16 730
8 32 150
4 8 660
4 16 860
8 2 80
2 64 40
2 8 290
8 8 180
8 64 720
16 64 450
2 8 440
8 32 730
32 16 60
16 32 820
4 32 740
32 4 810
4 4 500
32 16 860
2 16 190
16 64 460
32 32 820
2 64 700
2 16 730
32 2 920
32 32 710
4 4 470
8 32 720
32 16 970
2 32 500
32 64 760
8 4 40
4 64 950
8 2 840
16 16 290
32 16 410
8 4 820
32 8 900
32 64 190
2 2 310
32 4 290
8 64 740
32 32 220
32 64 290
16 4 660
16 32 570
16 8 130
2 32 460
8 4 140
8 16 920
2 32 150
2 4 310
8 64 350
4 16 620
32 8 670
16 16 350
8 8 210
16 32 830
16 8 520
4 2 330
16 4 450
16 16 910
4 8 820
8 32 880
32 4 760
4 8 920
2 32 180
16 16 80
4 4 790
2 64 620
32 32 440
32 64 930
2 16 470
2 8 260
16 32 730
2 16 850
4 2 150
2 2 440
16 64 620
8 2 670
4 4 270
4 32 40
16 32 680
8 64 430
8 8 1000
32 4 280
32 64 500
4 2 160
4 16 680
4 16 590
2 4 740
8 16 600
32 16 340
32 64 480
4 64 150
32 8 930
2 4 210
16 32 850
2 64 750
16 8 880
2 16 70
2 2 530
4 4 930
16 32 330
4 32 460
32 2 350
32 2 960
32 32 500
8 32 300
16 2 600
16 8 790
4 8 470
32 64 910
4 16 510
8 4 970
4 64 300
2 8 90
2 32 710
4 2 770
16 32 130
2 64 200
16 4 660
4 2 740
32 8 160
16 8 320
2 32 590
16 64 490
4 4 60
8 16 670
32 8 760
8 2 500
2 8 190
2 16 330
8 4 260
8 32 810
2 64 760
16 8 340
2 8 350
16 16 70
32 16 290
4 64 180
16 32 700
16 64 960
8 4 300
8 4 560
4 4 410
8 32 220
8 16 310
16 2 330
2 2 130
8 8 180
16 16 870
2 64 120
2 32 650
4 64 610
32 2 50
4 2 150
32 16 120
8 16 410
32 8 110
8 16 850
8 2 60
32 32 180
8 2 760
8 16 60
2 8 990
32 32 950
4 64 570
8 32 570
4 32 970
32 4 430
32 16 770
32 64 500
8 4 860
16 64 420
2 32 80
16 2 770
4 32 270
32 32 300
4 2 190
8 32 60
2 2 520
16 8 470
16 32 710
4 8 490
16 32 850
4 16 920
2 16 660
2 8 300
32 4 370
32 64 720
16 64 820
8 2 70
32 16 720
4 64 740
4 8 440
32 16 580
32 4 150
4 16 190
8 2 460
4 32 290
8 2 650
16 2 90
4 4 540
16 4 540
4 4 200
32 2 50
16 4 280
32 64 340
8 4 280
8 64 300
8 2 950
4 4 690
4 16 230
2 8 560
2 2 760
4 32 40
8 4 930
4 8 350
32 16 370
16 32 660
16 16 960
4 2 480
16 32 780
2 8 800
8 8 370
4 32 980
32 32 100
4 8 550
2 4 40
16 64 910
16 4 190
32 4 470
4 8 100
16 2 680
8 64 700
32 64 410
16 32 60
8 8 280
8 16 260
8 16 200
16 2 140
4 64 840
8 8 540
8 16 100
4 4 750
2 4 850
32 8 750
16 16 620
16 2 480
2 32 380
4 32 60
2 4 400
4 2 320
32 16 170
8 32 300
2 64 530
16 8 120
8 32 600
32 2 920
2 64 520
32 64 280
8 8 130
2 4 130
4 64 990
8 8 750
8 32 900
8 64 450
2 64 670
8 4 460
32 4 540
2 8 690
16 32 500
4 2 370
8 16 980
32 16 670
32 4 670
32 32 960
16 16 50
16 2 310
4 64 450
8 32 40
8 8 40
2 2 560
32 4 380
32 2 950
16 4 270
32 2 480
2 4 50
8 32 910
8 64 250
32 64 240
2 16 990
2 2 800
8 2 380
4 16 540
32 8 60
2 4 680
16 2 490
16 2 840
2 16 990
4 64 100
16 64 180
2 32 890
32 8 270
32 4 240
16 8 490
4 32 620
2 64 770
16 64 370
32 64 700
16 16 80
8 4 980
4 64 490
2 8 290
2 8 560
4 32 420
16 4 800
2 2 400
32 4 330
16 16 290
16 4 530
2 2 150
4 64 660
16 8 630
8 16 140
32 4 770
16 64 450
4 4 810
4 16 670
32 8 940
2 4 800
4 4 820
16 2 900
32 16 70
4 4 800
8 32 580
32 2 510
2 4 880
4 16 170
32 16 570
8 16 470
4 2 800
4 16 650
4 4 500
16 16 730
4 8 310
2 32 470
8 16 720
16 32 280
4 8 880
4 2 810
8 16 600
16 2 1000
32 4 970
32 4 700
32 64 120
16 64 170
16 32 180
4 2 380
4 8 440
16 32 100
32 32 260
2 4 90
16 4 860
16 2 710
2 2 940
8 4 590
2 32 550
4 32 410
32 16 920
2 64 330
2 16 840
4 8 640
32 2 270
4 64 110
2 16 230
16 4 990
32 4 460
2 8 480
32 8 780
16 4 550
16 4 830
2 4 750
2 2 590
16 64 200
16 64 890
2 64 630
4 4 120
2 8 210
16 8 650
16 32 490
8 64 320
2 8 210
2 4 200
16 2 950
16 16 710
2 2 650
8 4 460
16 8 650
4 8 440
32 16 120
4 32 910
2 16 230
8 4 960
16 32 790
32 16 540
32 8 250
4 16 880
16 64 630
8 2 610
8 4 160
32 32 530
4 4 350
8 64 140
32 16 410
32 2 230
16 4 620
2 8 700
16 32 310
2 64 880
16 4 510
2 16 170
32 4 860
8 8 810
2 4 540
8 8 890
32 2 530
2 16 820
32 64 120
32 8 100
16 4 380
32 16 140
4 4 670
8 64 590
32 8 600
4 64 960
32 16 590
8 32 140
8 8 470
8 4 510
8 2 920
4 16 590
16 8 560
2 64 640
32 4 430
32 2 80
8 64 810
8 4 710
16 8 360
8 16 910
8 2 560
2 4 450
2 8 630
32 32 390
16 64 850
2 16 550
8 64 480
2 32 100
32 16 610
32 64 700
2 16 780
16 2 420
4 16 940
2 32 390
2 16 100
4 8 720
16 32 100
16 2 140
4 16 860
16 16 620
16 8 600
32 2 330
2 64 710
4 4 670
16 16 600
4 8 480
32 64 760
32 64 840
8 16 220
16 4 520
2 64 790
8 8 140
4 16 850
4 8 250
4 8 780
32 8 770
16 16 640
16 64 280
8 8 370
32 4 890
4 32 630
2 4 830
8 8 980
16 2 900
32 32 940
16 64 280
32 4 90
4 16 600
4 2 360
8 8 710
32 32 200
16 2 530
16 32 320
16 32 220
32 2 850
4 32 920
32 64 540
2 64 540
2 2 690
8 16 110
16 64 530
16 64 500
4 16 590
2 32 250
16 2 970
16 2 460
32 2 450
8 8 340
16 4 440
4 16 910
4 8 250
2 16 430
8 32 830
8 64 230
2 64 710
32 32 780
8 64 420
8 32 570
32 32 880
32 16 520
32 2 890
16 8 260
2 8 840
2 32 450
2 2 700
16 2 780
4 64 350
16 32 580
16 32 500
16 32 120
16 16 910
16 32 730
4 32 820
2 4 270
4 16 920
2 8 500
8 2 500
32 2 860
16 16 800
32 64 140
8 4 480
4 4 910
4 32 230
32 2 440
16 4 870
4 2 810
2 64 230
32 8 600
16 32 410
16 2 740
2 32 530
8 4 730
8 2 470
8 64 680
2 8 540
4 2 390
32 16 230
2 64 640
32 4 510
16 32 530
16 8 880
8 2 40
4 4 520
16 16 910
8 32 170
4 2 460
8 16 560
16 8 400
16 2 980
8 4 200
32 8 730
4 32 620
4 4 200
8 32 340
16 64 130
16 2 350
32 64 40
4 16 500
8 4 610
16 4 950
32 8 880
2 4 650
8 4 780
4 64 950
2 32 500
32 32 310
4 32 800
4 64 520
16 8 350
8 16 700
16 4 80
16 64 990
16 4 70
32 4 480
4 64 110
16 4 460
32 2 850
32 4 700
16 8 470
16 64 840
8 4 230
32 4 430
8 32 130
16 64 40
2 8 430
8 16 780
8 2 250
8 8 780
16 32 390
16 8 780
8 16 980
4 16 180
8 4 430
32 2 400
8 8 550
16 4 510
2 2 1000
4 2 450
2 16 370
2 32 600
8 4 160
32 8 760
4 2 680
4 4 870
16 2 210
32 32 170
8 4 160
16 64 980
2 8 170
32 8 240
8 64 70
2 16 640
32 64 780
16 16 440
8 8 540
8 4 140
4 16 900
32 4 130
32 8 890
2 16 130
8 8 420
8 2 420
2 2 950
2 16 810
8 4 540
8 16 650
2 64 40
4 8 360
4 16 460
16 16 480
2 2 570
16 8 110
2 8 890
32 16 490
8 8 750
16 64 420
2 16 370
4 16 180
32 64 700
16 8 230
2 4 690
2 32 220
16 8 330
4 4 840
32 32 70
4 2 850
32 32 400
16 2 590
4 64 470
16 2 50
4 2 730
8 32 690
8 2 890
8 16 560
16 4 510
16 64 290
4 8 410
16 32 780
16 64 570
2 32 380
2 32 130
8 2 980
4 2 790
8 4 90
2 32 170
8 4 360
32 8 510
16 2 720
2 16 240
32 2 990
8 16 80
2 2 910
2 2 370
8 16 830
8 2 630
4 16 350
2 16 140
8 4 210
16 2 460
32 64 580
4 8 280
32 32 380
32 8 740
4 4 780
8 16 910
8 16 910
2 64 880
8 64 260
16 2 640
16 8 270
2 8 250
8 32 270
16 2 50
16 8 490
16 16 160
2 32 480
4 8 430
4 32 590
8 4 260
8 16 550
8 2 970
4 32 190
2 32 120
32 2 450
16 2 680
8 4 640
32 32 390
8 8 230
32 16 720
8 2 60
32 64 110
2 2 60
16 8 460
4 8 640
16 32 330
2 32 750
16 4 410
4 64 950
2 16 970
16 4 620
2 32 410
4 16 360
8 2 560
4 16 230
32 32 950
